image_height: 360
image_width: 640
camera_name: palm_camera
frame_id: palm
distortion_model: 'plumb_bob'
camera_matrix:
  rows: 3
  cols: 3
  data: [552.09305325, 0.0, 333.68780409, 0.0, 555.91052977, 162.88250186, 0, 0, 1]
distortion_coefficients:
  rows: 1
  cols: 5
  data: [0.06133711, -0.00090462, 0.002165, -0.00302198, -0.30672296]
rectification_matrix:
  rows: 3
  cols: 3
  data: [1.0, 0.0, 0.0, 0.0, 1.0, 0.0, 0.0, 0.0, 1.0]
projection_matrix:
  rows: 3
  cols: 4
  data: [552.09305325, 0.0, 333.68780409, 0.0, 0.0, 555.91052977, 162.88250186, 0, 0.0, 0.0, 1.0, 0.0]